p.BlCrEdg= -50000;
p.BlCrFlp= -50000;
p.BlCtEdg= 1000;
p.BlCtFlp= 1000;
p.BlDEdg= 60;
p.BlDFlp= 20;
p.BlIner= 20000000;
p.BlKEdg= 30000;
p.BlKFlp= 7000;
p.BlMass= 10000;
p.BlMeEdg= 700;
p.BlMeFlp= 500;
p.DTTorDmp= 2000000;
p.DTTorSpr= 600000000;
p.GBRatio= 100;
p.GenIner= 300;
p.HubIner= 30000;
p.HubMass= 30000;
p.NacMass= 100000;
p.TwD= 4000;
p.TwK= 600000;
p.TwMe= 30000;
p.TwTrans2Roll= 0.02;
